\begin{tabular}{lrrrrrr}
\toprule
{} &  number &  FO N+0 [\%] &  FO N+1 [\%] &  FO N+2 [\%] &  FO N+3 [\%] &  FO N+4 [\%] \\
\midrule
\textbf{SU N=1 } &      26 &       34.62 &       46.15 &        7.69 &        3.85 &        7.69 \\
\textbf{SU N=2 } &      24 &       20.83 &       54.17 &       20.83 &        4.17 &        0.00 \\
\textbf{SU N=3 } &      34 &       44.12 &       29.41 &       14.71 &        2.94 &        8.82 \\
\textbf{SU N=4 } &      29 &       41.38 &       37.93 &       17.24 &        3.45 &        0.00 \\
\textbf{SU N=5 } &      36 &       36.11 &       38.89 &       13.89 &        8.33 &        2.78 \\
\textbf{SU N=6 } &      40 &       40.00 &       35.00 &       20.00 &        5.00 &        0.00 \\
\textbf{SU N=7 } &      31 &       45.16 &       25.81 &       16.13 &        6.45 &        6.45 \\
\textbf{SU N=8 } &      29 &       31.03 &       31.03 &       27.59 &        6.90 &        3.45 \\
\textbf{SU N=9 } &      37 &       40.54 &       32.43 &       21.62 &        5.41 &        0.00 \\
\textbf{SU N=10} &      32 &       34.38 &       37.50 &       12.50 &       15.62 &        0.00 \\
\textbf{SU N=11} &      30 &       33.33 &       50.00 &        3.33 &       10.00 &        3.33 \\
\textbf{SU N=12} &      32 &       43.75 &       34.38 &        6.25 &       15.62 &        0.00 \\
\textbf{SU N=13} &      27 &       33.33 &       37.04 &       14.81 &       11.11 &        3.70 \\
\textbf{SU N=14} &      29 &       34.48 &       34.48 &       17.24 &       10.34 &        3.45 \\
\textbf{SU N=15} &      29 &       41.38 &       34.48 &       17.24 &        6.90 &        0.00 \\
\textbf{SU N=16} &      32 &       40.62 &       40.62 &       15.62 &        3.12 &        0.00 \\
\textbf{SU N=17} &      29 &       41.38 &       37.93 &       13.79 &        6.90 &        0.00 \\
\bottomrule
\end{tabular}
